[gd_scene format=3 uid="uid://cmcok53rej5sy"]

[ext_resource type="Script" uid="uid://b8c82e4n8cldl" path="res://entity.gd" id="1_4flbx"]
[ext_resource type="PackedScene" uid="uid://i8x84sh2p2q4" path="res://skill_system.tscn" id="2_2hs0m"]
[ext_resource type="PackedScene" uid="uid://b1k3dv3hnfjvc" path="res://hitbox.tscn" id="4_03rkj"]
[ext_resource type="Script" uid="uid://jbebb4hi27xp" path="res://stair_handler.gd" id="6_2hs0m"]

[sub_resource type="CylinderShape3D" id="CylinderShape3D_4flbx"]

[sub_resource type="CylinderMesh" id="CylinderMesh_4flbx"]

[sub_resource type="SeparationRayShape3D" id="SeparationRayShape3D_sweqy"]
length = 0.4

[sub_resource type="CylinderShape3D" id="CylinderShape3D_pimh3"]

[node name="Entity" type="CharacterBody3D" unique_id=1807276841]
collision_layer = 2
collision_mask = 3
script = ExtResource("1_4flbx")

[node name="CollisionShape3D" type="CollisionShape3D" parent="." unique_id=50111811]
shape = SubResource("CylinderShape3D_4flbx")

[node name="MeshInstance3D" type="MeshInstance3D" parent="." unique_id=214712984]
mesh = SubResource("CylinderMesh_4flbx")

[node name="Camera" type="Camera3D" parent="." unique_id=1588344406]
unique_name_in_owner = true
transform = Transform3D(1, 0, 0, 0, 1, 0, 0, 0, 1, 0, 0.6, 0)
fov = 100.0

[node name="Hitscan" type="RayCast3D" parent="Camera" unique_id=1297929075]
target_position = Vector3(0, 0, -1000)
collision_mask = 5
collide_with_areas = true

[node name="SkillSystem" parent="." unique_id=1590952291 node_paths=PackedStringArray("cam", "ray", "player") instance=ExtResource("2_2hs0m")]
cam = NodePath("../Camera")
ray = NodePath("../Camera/Hitscan")
player = NodePath("..")

[node name="StairHandler" type="Node3D" parent="." unique_id=1295697205]
script = ExtResource("6_2hs0m")

[node name="CollisionShape3D2" type="CollisionShape3D" parent="StairHandler" unique_id=557834681]
transform = Transform3D(0.70710677, 0.70710677, -3.090862e-08, 0, -4.371139e-08, -1, -0.70710677, 0.70710677, -3.090862e-08, 0.6540738, -0.6, 0.6290738)
shape = SubResource("SeparationRayShape3D_sweqy")

[node name="CollisionShape3D3" type="CollisionShape3D" parent="StairHandler" unique_id=1230764938]
transform = Transform3D(0.70710677, 0.70710677, -3.090862e-08, 0, -4.371139e-08, -1, -0.70710677, 0.70710677, -3.090862e-08, 0.72478443, -0.6, -0.7144291)
shape = SubResource("SeparationRayShape3D_sweqy")

[node name="CollisionShape3D4" type="CollisionShape3D" parent="StairHandler" unique_id=370750050]
transform = Transform3D(0.70710677, 0.70710677, -3.090862e-08, 0, -4.371139e-08, -1, -0.70710677, 0.70710677, -3.090862e-08, -0.6894291, -0.6, -0.7144291)
shape = SubResource("SeparationRayShape3D_sweqy")

[node name="CollisionShape3D5" type="CollisionShape3D" parent="StairHandler" unique_id=1310112954]
transform = Transform3D(0.70710677, 0.70710677, -3.090862e-08, 0, -4.371139e-08, -1, -0.70710677, 0.70710677, -3.090862e-08, -0.6894291, -0.6, 0.69978446)
shape = SubResource("SeparationRayShape3D_sweqy")

[node name="CollisionShape3D6" type="CollisionShape3D" parent="StairHandler" unique_id=1327909452]
transform = Transform3D(0, 0.99999994, -4.371139e-08, 0, -4.371138e-08, -1, -0.99999994, 0, -3.5527137e-15, 0.925, -0.6, -0.024999976)
shape = SubResource("SeparationRayShape3D_sweqy")

[node name="CollisionShape3D7" type="CollisionShape3D" parent="StairHandler" unique_id=39639190]
transform = Transform3D(0, 0.99999994, -4.371139e-08, 0, -4.371138e-08, -1, -0.99999994, 0, -3.5527137e-15, 0.025000006, -0.6, -1.025)
shape = SubResource("SeparationRayShape3D_sweqy")

[node name="CollisionShape3D8" type="CollisionShape3D" parent="StairHandler" unique_id=741612696]
transform = Transform3D(0, 0.99999994, -4.371139e-08, 0, -4.371138e-08, -1, -0.99999994, 0, -3.5527137e-15, -0.97499996, -0.6, -0.024999976)
shape = SubResource("SeparationRayShape3D_sweqy")

[node name="CollisionShape3D9" type="CollisionShape3D" parent="StairHandler" unique_id=1844107466]
transform = Transform3D(0, 0.99999994, -4.371139e-08, 0, -4.371138e-08, -1, -0.99999994, 0, -3.5527137e-15, 0.025000006, -0.6, 0.975)
shape = SubResource("SeparationRayShape3D_sweqy")

[node name="Hitbox" parent="." unique_id=1948627840 instance=ExtResource("4_03rkj")]

[node name="CollisionShape3D" type="CollisionShape3D" parent="Hitbox" unique_id=827155171]
shape = SubResource("CylinderShape3D_pimh3")
